3749904
3764327
3771963
3779904
3796780
3808831
3818982
3824904
3835129
3843652
3857045
3867090
3871224
3881151
3894131
3902245
3911833
3920855
3937399
3949367
3959036
3965523
3977576
3988536
3996609
4007712
4017756
4023936
4031148
4041017
4049897
4069750
4078021
4085420
4098110
4108592
4113177
4124895
4134270
4141939
4153741
4162396
4174237
4181959
4191426
4199893
4202415
4202590
4239222
4247737
4258822
4268273
4274891
4283545
4295361
4303015
4312392
4324109
4339176
4348446
4359265
4367535
4372046
4387389
4399441
4406138
4413349
4429577
4437388
4448750
4459707
4466799
4471761
4480489
4499885
4499886
4518031
4529490
4535041
4543154
4556134
4566061
4570197
4580240
4593632
4602156
4612384
4622165
4630697
4640506
4657382
4665322
4672959
4687383
4695564
4700773
4710817
4724879
4737861
4745973
4755562
4764584
4771431
4781128
4795933
4802762
4812379
4821305
4837379
4842266
4851440
4863848
4874877
4884743
4893625
4908968
4915637
4921750
4932569
4941838
4949873
4963110
4973558
4982016
4992061
4999871
5011235
5020183
5020184
5062371
5062372
5062373
5062374
5096810
5099055
5109246
5118619
5127274
5139077
5146744
5156119
5167837
5174870
5182905
5192177
5202995
5215776
5223080
5231117
5239997
5249867
5260894
5273303
5287366
5292479
5303433
5315488
5321981
5332363
5343615
5355847
5369181
5378770
5383789
5390487
5399863
5417625
5423969
5437361
5445885
5451784
5464146
5471450
5484236
5497844
5506439
5512359
5522588
5531112
5544499
5558678
5568604
5575942
5581587
5595249
5602357
5610794
5624854
5639648
5649310
5657943
5665032
5675989
5684064
5695165
5705208
5711390
5722675
5737352
5747899
5757203
5765476
5772878
5785565
5796046
5800634
5812351
5829395
5835786
5841194
5849851
5861694
5872350
5880531
5906099
5906100
5906102
5928902
5937349
5946277
5955735
5962348
5971000
5982804
5990473
5999846
6011567
6026632
6039320
6046722
6054989
6062347
6074843
6089518
6093597
6100807
6117030
6128134
6136208
6147164
6154255
6162884
6171270
6187341
6199571
6207433
6216947
6222499
6230612
6243591
6253518
6267698
6277341
6289611
6295512
6299841
6312341
6327964
6339366
6348054
6352779
6360416
6374839
6388230
6394573
6400660
6412338
6428408
6433429
6443018
6452043
6468587
6477658
6483387
6490221
6508765
6519722
6524835
6538898
6547335
6551302
6562333
6572206
6581082
6596454
6609207
6614832
6620028
6637333
6644362
6650564
6661015
6673125
6682329
6691641
6700199
6710585
6710585
6749828
6749828
6749829
6749830
6789072
6789072
6799459
6808017
6817341
6826532
6838643
6849093
6855295
6862327
6879631
6884847
6890452
6903233
6918566
6927456
6937324
6948355
6952321
6960762
6974825
6979939
6990893
7009438
7016268
7019821
7031072
7047617
7056636
7066228
7071250
7087323
7098957
7105084
7111425
7124820
7139242
7146876
7151603
7160291
7171692
7187319
7193895
7199820
7210045
7222313
7231958
7246139
7256067
7269043
7277160
7282711
7289813
7300089
7312316
7328377
7336761
7345397
7352484
7363431
7371514
7382631
7398840
7406053
7410124
7424804
7437299
7444652
7452924
7460323
7473013
7488079
7492300
7499797
7516844
7528643
7537305
7543921
7553376
7559804
7570748
7593541
7593550
7593550
7619118
7627301
7637959
7643185
7658453
7663862
7670257
7687302
7699020
7703602
7714081
7726769
7734171
7742444
7749797
7762295
7776968
7788258
7794439
7804483
7815614
7823659
7834616
7841705
7850337
7859993
7874793
7888857
7897292
7904399
7918063
7923701
7931045
7940969
7955109
7968567
7977065
7987288
7993213
8015414
8015415
8015416
8047867
8047869
8062287
8062291
8062291
8075682
8099788
8099790
8099791
8130469
8130470
8156038
8156038
8156042
8177672
8196215
8196215
8196218
8226347
8226349
8226349
8249785
8249785
8249786
8268532
8283874
8283877
8296661
8307478
8316750
8324782
8331815
8343530
8352909
8360580
8369784
8381031
8390408
8399781
8437279
8437282
8437282
8437284
8479471
8488417
8497546
8507591
8517582
8526098
8536547
8542749
8557815
8567086
8577903
8577906
8590692
8606031
8606032
8624778
8624779
8648216
8648217
8648218
8678347
8678350
8678352
8696891
8718525
8718528
8718530
8744094
8744096
8744097
8774774
8774775
8774775
8798880
8812274
8812275
8812277
8826700
8859147
8859149
8859149
8887273
8897501
8897504
8919415
8919415
8919418
8943515
8943520
8943521
8956502
8964613
8970163
8999770
8999772
8999774
9032859
9039956
9050906
9050907
9070081
9070083
9070087
9086296
9112259
9112259
9112261
9140379
9140382
9160256
9160468
9160470
9187255
9187258
9204299
9204302
9216098
9224754
9231366
9240819
9249753
9281000
9281003
9281004
9317686
9325412
9337251
9345904
9357704
9357704
9374754
9374754
9374757
9401538
9401543
9401545
9421627
9421631
9449754
9449754
9449757
9475716
9491938
9491938
9491949
9511116
9511118
9522074
9534126
9562248
9562250
9562253
9597407
9605519
9618498
9618499
9618500
9642603
9642603
9642606
9664518
9664521
9674749
9702868
9702873
9702874
9735323
9735326
9749747
9749748
9749759
9787174
9787241
9787248
9817924
9817926
9817926
9843491
9843496
9843503
9865127
9883667
9883668
9883672
9913764
9913803
9913806
9937241
9937243
9955988
9955994
9971331
9971331
9984114
9994933
10004203
10012241
10025474
10030990
10040361
10051367
10059833
10070300
10080332
10090299
10124731
10124734
10124735
10124736
10169147
10179232
10189640
10198105
10209110
10218485
10223995
10237234
10245272
10254540
10265357
10278140
10278142
10293483
10293485
10312231
10312231
10335668
10335671
10335672
10365803
10365803
10365803
10384343
10405977
10405982
10405983
10431547
10431549
10431550
10462227
10462228
10462230
10486337
10499725
10499728
10499730
10514153
10546602
10546603
10546603
10574727
10584949
10584959
10606867
10606872
10606873
10630976
10630978
10630979
10643954
10652065
10687220
10687225
10687228
10715346
10727403
10738358
10738359
10757535
10757538
10757541
10773759
10773763
10799720
10799721
10799724
10827845
10847935
10847937
10848212
10874722
10874727
10874727
10891766
10891769
10903569
10912224
10924063
10931791
10968472
10968472
10968476
10997568
11008650
11018098
11024717
11033378
11045172
11045175
11062215
11062221
11089004
11089006
11089010
11109092
11109094
11137213
11137215
11137218
11163177
11179402
11179403
11179423
11198355
11198579
11209535
11216626
11221590
11249716
11249716
11249718
11284872
11292988
11305960
11305963
11305963
11329839
11330069
11330074
11351987
11351988
11362212
11390337
11390338
11390345
11422785
11437210
11437211
11437211
11450600
11474708
11474711
11474712
11505388
11505390
11505391
11530958
11530964
11530989
11552594
11571130
11571134
11571139
11601266
11601269
11601270
11624706
11624707
11643454
11643460
11658797
11671578
11671579
11682394
11691732
11699705
11712940
11723391
11731740
11741888
11749702
11761067
11770012
11812201
11812203
11812204
11812255
11846637
11859077
11868450
11877100
11888904
11896570
11905948
11917667
11924697
11932733
11942010
11952821
11965606
11965607
11980948
11981234
11999697
12022833
12023128
12023137
12053263
12053266
12053268
12053270
12093444
12093444
12093447
12093448
12093448
12119014
12149690
12149693
12149694
12149695
12149698
12187188
12187189
12187192
12234049
12234063
12234063
12234064
12234065
12272415
12294288
12294330
12294332
12294334
12294335
12318438
12318439
12331418
12374678
12374685
12374686
12374688
12374690
12425817
12425822
12444992
12444995
12444998
12444999
12487179
12487185
12487185
12487185
12487186
12535384
12535392
12535393
12535394
12535396
12562179
12562182
12562185
12579226
12591028
12591033
12599682
12655929
12655930
12655931
12655932
12655934
12705561
12712174
12720828
12732631
12732632
12749680
12749695
12776460
12776461
12776462
12776465
12776465
12824673
12824675
12824675
12824678
12824680
12866862
12866862
12866865
12866865
12886033
12886035
12937168
12937170
12937170
12937173
12937173
12980445
12993425
12993425
13017525
13017526
13017531
13017531
13017532
13039443
13077770
13077791
13077794
13077799
13077864
13124664
13124668
13124670
13124674
13162166
13162168
13162168
13162172
13162185
13218413
13218414
13218415
13218415
13218417
13258590
13258592
13258595
13258598
13288727
13288730
13290232
13312160
13312163
13312167
13330914
13330914
13346256
13359040
13369855
13369858
13387157
13394195
13400393
13410841
13422958
13432155
13441471
13450028
13499652
13499657
13499658
13499660
13499660
13557846
13567153
13576364
13588468
13598918
13605120
13612066
13629459
13629463
13640277
13653061
13668402
13668409
13687151
13687152
13687155
13710591
13710592
13710592
13740630
13740716
13740719
13740723
13780898
13780900
13780900
13780900
13780906
13837149
13837151
13837153
13837160
13837204
13874647
13874648
13874651
13874656
13921521
13921523
13921524
13921524
13921524
13959874
13981785
13981788
13981791
13981792
13981793
14005892
14005893
14018875
14062141
14062142
14062151
14062153
14062166
14113276
14113277
14132452
14132452
14132454
14132460
14174639
14174639
14174647
14174647
14174654
14222851
14222853
14222853
14222856
14222860
14249635
14249643
14249643
14266678
14278485
14287134
14293754
14343386
14343386
14343389
14343389
14343392
14393018
14408282
14408307
14420101
14437136
14437136
14437139
14463915
14463920
14463922
14463923
14463924
14512130
14512134
14512136
14512136
14512144
14554319
14554322
14554323
14554326
14573489
14573493
14624609
14624620
14624630
14624631
14624635
14667902
14680877
14680879
14704977
14704985
14704986
14704986
14704986
14726906
14765246
14765246
14765251
14765251
14765257
14812121
14812122
14812128
14812131
14849621
14849621
14849622
14849624
14849626
14905869
14905871
14905873
14905873
14905874
14946046
14946046
14946050
14946052
14976178
14976185
14976186
14999620
14999622
14999627
15018373
15033705
15033712
15046484
15057315
15066585
15074621
15081648
15093367
15102735
15110419
15119614
15130965
15187112
15187113
15187113
15187116
15187121
15231518
15247383
15257424
15267472
15275930
15286381
15292583
15307652
15316919
15327731
15327738
15340519
15355859
15355867
15374611
15374613
15398045
15398054
15398066
15428175
15428182
15428183
15428185
15468356
15468356
15468357
15468359
15468363
15493930
15524604
15524608
15524608
15524610
15524610
15562106
15562109
15562115
15608980
15608981
15608982
15608982
15609005
15647327
15669242
15669243
15669246
15669247
15669249
15693351
15693352
15693354
15706267
15749599
15749603
15749604
15749606
15749608
15800736
15800741
15819907
15819909
15819913
15819914
15862098
15862098
15862100
15862100
15862101
15910304
15910305
15910307
15910314
15910314
15937099
15937124
15954139
15954144
15965944
15974593
16030786
16030842
16030843
16030844
16030846
16030848
16030850
16107545
16107547
16124590
16124593
16124600
16151369
16151378
16151379
16151383
16151387
16199584
16199589
16199590
16199592
16199592
16199594
16199596
16241776
16241777
16241778
16241782
16257895
16312082
16312084
16312085
16312087
16312088
16312091
16368340
16392439
16392442
16392443
16392443
16392447
16392448
16452703
16452706
16452707
16452710
16452711
16452712
16452715
16499583
16537077
16537082
16537083
16537083
16537084
16537085
16537087
16593329
16593332
16593333
16593335
16593340
16593354
16633113
16633510
16633513
16633515
16663639
16663640
16663642
16687069
16687075
16705827
16705828
16721162
16721173
16733949
16744765
16754041
16762076
16775317
16780824
16790202
16801201
16874203
16874573
16874574
16874574
16874574
16874578
16874582
16942073
16958943
16968789
16978236
16987074
16995104
17004379
17015196
17027981
17027982
17043315
17043319
17062070
17062466
17085504
17085506
17085511
17115634
17115638
17115640
17115648
17155468
17155812
17155816
17155822
17155824
17156185
17211687
17212064
17212065
17212065
17212069
17212070
17212071
17249567
17296432
17296433
17296434
17296435
17296438
17296438
17296444
17356702
17356702
17356704
17356706
17356706
17356708
17380846
17437057
17437061
17437061
17437062
17437063
17437066
17437067
17507366
17507369
17507373
17507374
17507374
17549553
17549554
17549557
17549557
17549558
17549562
17549564
17597768
17597770
17597772
17597774
17624554
17624557
17624559
17641600
17641635
17718298
17718299
17718302
17718302
17718305
17718308
17718308
17783202
17795007
17795007
17812048
17812052
17838814
17838829
17838829
17838831
17838839
17887045
17887046
17887048
17887048
17887049
17887053
17887057
17929232
17929232
17929237
17929241
17948416
17999520
17999521
17999524
17999526
17999551
17999925
17999947
18055772
18079851
18079864
18079868
18079868
18079872
18080254
18140134
18140136
18140138
18140138
18140139
18140140
18140144
18187010
18224507
18224509
18224510
18224513
18224518
18224521
18224522
18280756
18280763
18280764
18280766
18280769
18280771
18320946
18320948
18320949
18320951
18351079
18351084
18351085
18374511
18374515
18393266
18393267
18408610
18421386
18421392
18432207
18441477
18449521
18462754
18473195
18481659
18491699
18562008
18562009
18562011
18562013
18562015
18562016
18562016
18635376
18646390
18655757
18667476
18674505
18682542
18691806
18702627
18715415
18715425
18730749
18730752
18749502
18749503
18772939
18772940
18772947
18803074
18803075
18803078
18803079
18843236
18843253
18843256
18843258
18843259
18843260
18899500
18899502
18899503
18899505
18899508
18899508
18899509
18937004
18983868
18983879
18983880
18983881
18983882
18983884
18983886
19044142
19044143
19044144
19044146
19044146
19044150
19068256
19124499
19124502
19124503
19124506
19124507
19124507
19124513
19194812
19194813
19194816
19194817
19236997
19236999
19236999
19237000
19237001
19237002
19237007
19285090
19285211
19285217
19285218
19285223
19312004
19312004
19312005
19329052
19340848
19405745
19405748
19405751
19405752
19405753
19405753
19405753
19470659
19482453
19482459
19499503
19499509
19526283
19526284
19526285
19526286
19526293
19574497
19574497
19574497
19574498
19574500
19574501
19574506
19616678
19616679
19616683
19616684
19686990
19686991
19686998
19686998
19686999
19687005
19687028
19743248
19767344
19767344
19767350
19767352
19767354
19767358
19827613
19827613
19827615
19827617
19827620
19827622
19827623
19874495
19874568
19911984
19911991
19911991
19911992
19911992
19911994
19911994
19968235
19968241
19968242
19968243
19968243
19968244
20008414
20008414
20008415
20008419
20038548
20038549
20038549
20061984
20061985
20061989
20080732
20080732
20096080
20108862
20119681
20119685
20136984
20144014
20150225
20160670
20249477
20249480
20249480
20249483
20249483
20249484
20249485
20249486
20249486
20348762
20354951
20361985
20379277
20379289
20390109
20402897
20418227
20418237
20436967
20436973
20436978
20460413
20460414
20460421
20490544
20490544
20490549
20490550
20530724
20530726
20530728
20530728
20530734
20586968
20586970
20586971
20586972
20586975
20586977
20586978
20586978
20586984
20671339
20671344
20671345
20671345
20671350
20671351
20671352
20671352
20671355
20731034
20731601
20731608
20731611
20731617
20742832
20811965
20811967
20811967
20811970
20811972
20811973
20811974
20811975
20882280
20882281
20924455
20924458
20924469
20924469
20924471
20924472
20924472
20924474
20924475
20972679
20972681
20972683
20972685
20972687
20999461
20999463
20999464
21093204
21093204
21093205
21093206
21093208
21093209
21093209
21093210
21093211
21186948
21186960
21186963
21213744
21213747
21213749
21213754
21213754
21261829
21261946
21261957
21261958
21261961
21261961
21261962
21261962
21261964
21303438
21304143
21304146
21374449
21374451
21374456
21374457
21374457
21374458
21374462
21374462
21383526
21454811
21454811
21454813
21454815
21515069
21515072
21515072
21515073
21515077
21515078
21515078
21515081
21515089
21599441
21599446
21599449
21599451
21599451
21599451
21599454
21599455
21599460
21655699
21655699
21655705
21655706
21655708
21695873
21695873
21695875
21726004
21726006
21726011
21749446
21749451
21749453
21768199
21783538
21783546
21796326
21797629
21807140
21816408
21824443
21831481
21843189
21936901
21936936
21936939
21936942
21936945
21936946
21936947
21936947
21936947
22021321
22036206
22042406
22057472
22066756
22074294
22077563
22077572
22090355
22105686
22105688
22124439
22124452
22147878
22147880
22178007
22178009
22178014
22178014
22218161
22218189
22218190
22218195
22218214
22218265
22274429
22274432
22274435
22274436
22274436
22274437
22274440
22274448
22358799
22358801
22358803
22358805
22358806
22358806
22358806
22358808
22358815
22419070
22419072
22419076
22419076
22419076
22419076
22499423
22499425
22499426
22499429
22499429
22499430
22499431
22499434
22499440
22569735
22569748
22611918
22611925
22611926
22611927
22611930
22611930
22611931
22611932
22611961
22660124
22660133
22660139
22660139
22660147
22686921
22686924
22703964
22780661
22780666
22780670
22780672
22780673
22780674
22780674
22780676
22780677
22873178
22874417
22874418
22874420
22901203
22901207
22901208
22901210
22901210
22949409
22949409
22949414
22949416
22949418
22949420
22949425
22949425
22991600
22991609
23061910
23061915
23061915
23061915
23061915
23061918
23061921
23061921
23061922
23142258
23142267
23142267
23142273
23142276
23202527
23202529
23202532
23202534
23202537
23202541
23202541
23202542
23202542
23286901
23286901
23286908
23286908
23286909
23286912
23286913
23286915
23343159
23343159
23343164
23343167
23343169
23343172
23383329
23383335
23383343
23383344
23413473
23413474
23413483
23436906
23436918
23455658
23455660
23470998
23471009
23483785
23494602
23503862
23511905
23525138
23530663
23545922
23624400
23624403
23624403
23624403
23624403
23624405
23624406
23624407
23713217
23723665
23736898
23744929
23754206
23765031
23777811
23777811
23793152
23793153
23811899
23811900
23826229
23835331
23835335
23835338
23865458
23865465
23865469
23865469
23905643
23905647
23905650
23905652
23905664
23961890
23961894
23961896
23961896
23961896
23961899
23961900
23961902
24046254
24046257
24046261
24046262
24046266
24046267
24046268
24046270
24046273
24046275
24106532
24106534
24106535
24186878
24186888
24186892
24186893
24186895
24186895
24186896
24186896
24186897
24186903
24187440
24257205
24299372
24299381
24299382
24299383
24299386
24299387
24299388
24299388
24299391
24299392
24299395
24347595
24347603
24347603
24347603
24374385
24386849
24468122
24468127
24468129
24468132
24468134
24468134
24468136
24468136
24468138
24468139
24561876
24588661
24588663
24588668
24588679
24588679
24636868
24636872
24636873
24636874
24636879
24636880
24636881
24636882
24636883
24636883
24636884
24679074
24749370
24749371
24749372
24749372
24749373
24749373
24749374
24749375
24749375
24749378
24749379
24829724
24829728
24829733
24889989
24889992
24889992
24889992
24889993
24889997
24889998
24889999
24890001
24890003
24890006
24974359
24974366
24974366
24974371
24974372
24974372
24974377
24974380
25030610
25030611
25030614
25030615
25030616
25030704
25070801
25070803
